74 180
72 215
73 210
75 205
78 210
69 185
71 190
76 200
77 230
70 195
73 220
74 205
72 190
79 240
68 175
77 225
75 200
74 210
76 215
78 220
73 205
70 185
69 180
71 195
75 210
77 225
78 230
74 200
72 190
70 185
68 170
73 200
76 215
78 220
74 205
71 195
70 190
75 210
77 230
79 240
74 180
72 215
73 210
75 205
78 210
69 185
71 190
76 200
77 230
70 195
73 220
74 205
72 190
79 240
68 175
77 225
75 200
74 210
76 215
78 220
73 205
70 185
69 180
71 195
75 210
77 225
78 230
74 200
72 190
70 185
68 170
73 200
76 215
78 220
74 205
71 195
70 190
75 210
77 230
79 240
74 180
72 215
73 210
75 205
78 210
69 185
71 190
76 200
77 230
70 195
73 220
74 205
72 190
79 240
68 175
77 225
75 200
74 210
76 215
78 220
73 205
70 185
69 180
71 195
75 210
77 225
78 230
74 200
72 190
70 185
68 170
73 200
76 215
78 220
74 205
71 195
70 190
75 210
77 230
79 240
74 180
72 215
73 210
75 205
78 210
69 185
71 190
76 200
77 230
70 195
73 220
74 205
72 190
79 240
68 175
77 225
75 200
74 210
76 215
78 220
73 205
70 185
69 180
71 195
75 210
77 225
78 230
74 200
72 190
70 185